[ 33.8825  33.3525  32.2975  30.8475  29.2375  27.7375  26.54    25.68
  25.035   24.38    23.5075  22.3075  20.8075  19.1475  17.5125  16.065
  14.89    13.98    13.245   12.545   11.76    10.8175   9.73     8.585
   7.47     6.4275   5.41     4.2875   2.9025   1.15    -0.98    -3.3725
  -5.805   -8.0175  -9.765  -10.92   -11.5175 -11.7725 -12.0325 -12.655
 -13.89   -15.795  -18.2425 -21.01   -23.8875 -26.76   -29.625  -32.5525
 -35.6425 -39.005  -42.7425 -46.905  -51.4175 -55.9525 -59.89   -62.4025
 -62.6575 -58.39   -51.475  -42.53   -32.525  -24.2275 -16.57    -9.9325
  -4.37     0.2975   4.3275   7.935   11.2275  14.185   16.7375  18.8275
  20.47    21.77    22.8875  23.9925  25.19    26.51    27.9075  29.295
  30.5925  31.7475  32.7225  33.465   33.89    33.8825]